1 2 3 4 5 6 : 56
1 2 3 4 6 5 : 56
1 2 3 5 6 4 : 56
1 2 3 6 5 4 : 56
1 2 4 5 6 3 : 56
1 2 4 6 5 3 : 56
1 2 5 6 4 3 : 56
1 2 6 5 4 3 : 56
1 3 4 5 6 2 : 56
1 3 4 6 5 2 : 56
1 3 5 6 4 2 : 56
1 3 6 5 4 2 : 56
1 4 5 6 3 2 : 56
1 4 6 5 3 2 : 56
1 5 6 4 3 2 : 56
1 6 5 4 3 2 : 56
2 3 4 5 6 1 : 56
2 3 4 6 5 1 : 56
2 3 5 6 4 1 : 56
2 3 6 5 4 1 : 56
2 4 5 6 3 1 : 56
2 4 6 5 3 1 : 56
2 5 6 4 3 1 : 56
2 6 5 4 3 1 : 56
3 4 5 6 2 1 : 56
3 4 6 5 2 1 : 56
3 5 6 4 2 1 : 56
3 6 5 4 2 1 : 56
4 5 6 3 2 1 : 56
4 6 5 3 2 1 : 56
5 6 4 3 2 1 : 56
6 5 4 3 2 1 : 56