1 2 3 4 5 6 7 : 84
1 2 3 4 5 7 6 : 84
1 2 3 4 6 7 5 : 84
1 2 3 4 7 6 5 : 84
1 2 3 5 6 7 4 : 84
1 2 3 5 7 6 4 : 84
1 2 3 6 7 5 4 : 84
1 2 3 7 6 5 4 : 84
1 2 4 5 6 7 3 : 84
1 2 4 5 7 6 3 : 84
1 2 4 6 7 5 3 : 84
1 2 4 7 6 5 3 : 84
1 2 5 6 7 4 3 : 84
1 2 5 7 6 4 3 : 84
1 2 6 7 5 4 3 : 84
1 2 7 6 5 4 3 : 84
1 3 4 5 6 7 2 : 84
1 3 4 5 7 6 2 : 84
1 3 4 6 7 5 2 : 84
1 3 4 7 6 5 2 : 84
1 3 5 6 7 4 2 : 84
1 3 5 7 6 4 2 : 84
1 3 6 7 5 4 2 : 84
1 3 7 6 5 4 2 : 84
1 4 5 6 7 3 2 : 84
1 4 5 7 6 3 2 : 84
1 4 6 7 5 3 2 : 84
1 4 7 6 5 3 2 : 84
1 5 6 7 4 3 2 : 84
1 5 7 6 4 3 2 : 84
1 6 7 5 4 3 2 : 84
1 7 6 5 4 3 2 : 84
2 3 4 5 6 7 1 : 84
2 3 4 5 7 6 1 : 84
2 3 4 6 7 5 1 : 84
2 3 4 7 6 5 1 : 84
2 3 5 6 7 4 1 : 84
2 3 5 7 6 4 1 : 84
2 3 6 7 5 4 1 : 84
2 3 7 6 5 4 1 : 84
2 4 5 6 7 3 1 : 84
2 4 5 7 6 3 1 : 84
2 4 6 7 5 3 1 : 84
2 4 7 6 5 3 1 : 84
2 5 6 7 4 3 1 : 84
2 5 7 6 4 3 1 : 84
2 6 7 5 4 3 1 : 84
2 7 6 5 4 3 1 : 84
3 4 5 6 7 2 1 : 84
3 4 5 7 6 2 1 : 84
3 4 6 7 5 2 1 : 84
3 4 7 6 5 2 1 : 84
3 5 6 7 4 2 1 : 84
3 5 7 6 4 2 1 : 84
3 6 7 5 4 2 1 : 84
3 7 6 5 4 2 1 : 84
4 5 6 7 3 2 1 : 84
4 5 7 6 3 2 1 : 84
4 6 7 5 3 2 1 : 84
4 7 6 5 3 2 1 : 84
5 6 7 4 3 2 1 : 84
5 7 6 4 3 2 1 : 84
6 7 5 4 3 2 1 : 84
7 6 5 4 3 2 1 : 84