100
5103067
1862603
7551991
6537523
11
5
6865010
9299449
5001361
1144
9999971
9999930
9
4751053
3877633
2360890
8603593
615403
3
9999161
4
2044523
1264969
6735763
2196613
1
6697461
4170220
9325574
1281246
12
6704676
10000000
559513
6513281
7742461
4461642
5388168
9999999
9309119
3702389
9971849
140839
9999998
9010879
9999991
3023326
5094841
9999995
3410821
9999973
3191803
1403870
10
4936439
592432
4461641
8184167
9999972
928009
1750607
7
86293
2295773
4461643
8248729
7783893
983469
9999929
1481717
1507483
8291470
6
8237213
8697851
390548
8
5462959
9999996
9999997
4572049
8873129
9999162
3910981
9999163
3132736
9516811
3929879
3855409
3323191
13
7203246
6987083
6463741
2872729
9682616
2
9987391
8763892
9999931
