100
950 71
320 75
633 94
1000 2
744 91
2 50
285 29
921 39
801 16
758 85
492 12
2 1
2 96
583 72
748 77
3 10
81 39
2 97
2 99
226 22
906 56
1000 3
582 60
124 68
1000 99
500 44
387 98
67 45
2 98
1000 96
2 4
30 46
443 91
642 34
204 41
171 6
824 54
839 51
13 37
1000 5
424 35
1000 98
959 86
264 31
355 11
635 54
871 75
103 5
924 39
453 71
744 3
835 62
109 76
452 71
772 5
277 79
1000 1
373 46
289 48
950 95
958 86
915 30
451 5
755 11
2 3
317 36
712 1
79 65
522 40
551 71
875 93
289 65
397 40
270 26
838 46
169 55
808 71
398 61
2 5
537 11
555 27
494 92
918 38
440 28
2 2
865 5
1000 4
173 90
254 30
140 74
728 33
1000 97
2 95
598 42
61 39
2 36
793 69
758 96
1000 95
70 56
